EDIT                               D9902
                                    0000
                                    0000
                                    0000
                                    0000
                                    0000
                                    0000
                                    0000
                                    0000
                                    0000
                                    0000
                                    0000
                                    0000
                                    0000
                                    0000
                                    0000
                                    0000
                                    0000
                                    0000
                                    0000
                                    0000
                                    0000
                                    0000
                                    0000
                                    0000
                                    0000
leer                          9901  0000
                                    0000
                                    0000
                                    0000
                                    0000
                                    0000
                                    0000
                                    0000
                                    0000
                                    0000
                                    0000
                                    0000
                                    0000
                                    0000
                                    0000
                                    0000
                                    0000
                                    0000
                                    0000
                                    0000
                                    0000
                                    0000
                                    0000
                                    0000
                                    0000
                                    0000
Neu                Datei      9902 N0038
öffnen                             F3011
speichern unter                    S3114
                                    0000
Import HP-GL                       H3008
Import DXF                         D3026
Import Mastercam                   M3019
                                    0000
Grenzen                            G0020
                                    0000
mark.Schnittpunkte                 S8801
Bahnen verbinden                   V8804
Bahnen sortieren                   O0645
Bahnoptimierung                    P8800
                                    0000
Autokorrektur:                     A9929
                                    0000
Info               Parameter  9910 I1091
Hilfe-Status                       F7901
                                    0000
Programmende                       E9999
                                    0000
                                    0000
                                    0000
                                    0000
                                    0000
leer                          9928  0000
                                    0000
                                    0000
                                    0000
                                    0000
                                    0000
                                    0000
                                    0000
                                    0000
                                    0000
                                    0000
                                    0000
                                    0000
                                    0000
                                    0000
                                    0000
                                    0000
                                    0000
                                    0000
                                    0000
                                    0000
                                    0000
                                    0000
                                    0000
                                    0000
                                    0000
leer                          9928  0000
                                    0000
                                    0000
                                    0000
                                    0000
                                    0000
                                    0000
                                    0000
                                    0000
                                    0000
                                    0000
                                    0000
                                    0000
                                    0000
                                    0000
                                    0000
                                    0000
                                    0000
                                    0000
                                    0000
                                    0000
                                    0000
                                    0000
                                    0000
                                    0000
                                    0000
leer                          9928  0000
                                    0000
                                    0000
                                    0000
                                    0000
                                    0000
                                    0000
                                    0000
                                    0000
                                    0000
                                    0000
                                    0000
                                    0000
                                    0000
                                    0000
                                    0000
                                    0000
                                    0000
                                    0000
                                    0000
                                    0000
                                    0000
                                    0000
                                    0000
                                    0000
                                    0000
leer                          9928  0000
                                    0000
                                    0000
                                    0000
                                    0000
                                    0000
                                    0000
                                    0000
                                    0000
                                    0000
                                    0000
                                    0000
                                    0000
                                    0000
                                    0000
                                    0000
                                    0000
                                    0000
                                    0000
                                    0000
                                    0000
                                    0000
                                    0000
                                    0000
                                    0000
                                    0000
leer                          9928  0000
                                    0000
                                    0000
                                    0000
                                    0000
                                    0000
                                    0000
                                    0000
                                    0000
                                    0000
                                    0000
                                    0000
                                    0000
                                    0000
                                    0000
                                    0000
                                    0000
                                    0000
                                    0000
                                    0000
                                    0000
                                    0000
                                    0000
                                    0000
                                    0000
                                    0000
leer                          9928  0000
                                    0000
                                    0000
                                    0000
                                    0000
                                    0000
                                    0000
                                    0000
                                    0000
                                    0000
                                    0000
                                    0000
                                    0000
                                    0000
                                    0000
                                    0000
                                    0000
                                    0000
                                    0000
                                    0000
                                    0000
                                    0000
                                    0000
                                    0000
                                    0000
                                    0000
leer                          9928  0000
                                    0000
                                    0000
                                    0000
                                    0000
                                    0000
                                    0000
                                    0000
                                    0000
                                    0000
                                    0000
                                    0000
                                    0000
                                    0000
                                    0000
                                    0000
                                    0000
                                    0000
                                    0000
                                    0000
                                    0000
                                    0000
                                    0000
                                    0000
                                    0000
                                    0000
Info               Parameter  9910 I1091
Hilfe-Status                       F7901
                                    0000
                                    0000
                                    0000
                                    0000
                                    0000
                                    0000
                                    0000
                                    0000
                                    0000
                                    0000
                                    0000
                                    0000
                                    0000
                                    0000
                                    0000
                                    0000
                                    0000
                                    0000
                                    0000
                                    0000
                                    0000
                                    0000
                                    0000
                                    0000
leer                          9928  0000
                                    0000
                                    0000
                                    0000
                                    0000
                                    0000
                                    0000
                                    0000
                                    0000
                                    0000
                                    0000
                                    0000
                                    0000
                                    0000
                                    0000
                                    0000
                                    0000
                                    0000
                                    0000
                                    0000
                                    0000
                                    0000
                                    0000
                                    0000
                                    0000
                                    0000
leer                          9928  0000
                                    0000
                                    0000
                                    0000
                                    0000
                                    0000
                                    0000
                                    0000
                                    0000
                                    0000
                                    0000
                                    0000
                                    0000
                                    0000
                                    0000
                                    0000
                                    0000
                                    0000
                                    0000
                                    0000
                                    0000
                                    0000
                                    0000
                                    0000
                                    0000
                                    0000
leer                          9928  0000
                                    0000
                                    0000
                                    0000
                                    0000
                                    0000
                                    0000
                                    0000
                                    0000
                                    0000
                                    0000
                                    0000
                                    0000
                                    0000
                                    0000
                                    0000
                                    0000
                                    0000
                                    0000
                                    0000
                                    0000
                                    0000
                                    0000
                                    0000
                                    0000
                                    0000
leer                          9928  0000
                                    0000
                                    0000
                                    0000
                                    0000
                                    0000
                                    0000
                                    0000
                                    0000
                                    0000
                                    0000
                                    0000
                                    0000
                                    0000
                                    0000
                                    0000
                                    0000
                                    0000
                                    0000
                                    0000
                                    0000
                                    0000
                                    0000
                                    0000
                                    0000
                                    0000
leer                          9915  0000
                                    0000
                                    0000
                                    0000
                                    0000
                                    0000
                                    0000
                                    0000
                                    0000
                                    0000
                                    0000
                                    0000
                                    0000
                                    0000
                                    0000
                                    0000
                                    0000
                                    0000
                                    0000
                                    0000
                                    0000
                                    0000
                                    0000
                                    0000
                                    0000
                                    0000
leer                          9916  0000
                                    0000
                                    0000
                                    0000
                                    0000
                                    0000
                                    0000
                                    0000
                                    0000
                                    0000
                                    0000
                                    0000
                                    0000
                                    0000
                                    0000
                                    0000
                                    0000
                                    0000
                                    0000
                                    0000
                                    0000
                                    0000
                                    0000
                                    0000
                                    0000
                                    0000
leer                          9928  0000
                                    0000
                                    0000
                                    0000
                                    0000
                                    0000
                                    0000
                                    0000
                                    0000
                                    0000
                                    0000
                                    0000
                                    0000
                                    0000
                                    0000
                                    0000
                                    0000
                                    0000
                                    0000
                                    0000
                                    0000
                                    0000
                                    0000
                                    0000
                                    0000
                                    0000
leer                          9918  0000
                                    0000
                                    0000
                                    0000
                                    0000
                                    0000
                                    0000
                                    0000
                                    0000
                                    0000
                                    0000
                                    0000
                                    0000
                                    0000
                                    0000
                                    0000
                                    0000
                                    0000
                                    0000
                                    0000
                                    0000
                                    0000
                                    0000
                                    0000
                                    0000
                                    0000
leer                          9919  0000
                                    0000
                                    0000
                                    0000
                                    0000
                                    0000
                                    0000
                                    0000
                                    0000
                                    0000
                                    0000
                                    0000
                                    0000
                                    0000
                                    0000
                                    0000
                                    0000
                                    0000
                                    0000
                                    0000
                                    0000
                                    0000
                                    0000
                                    0000
                                    0000
                                    0000
leer                          9928  0000
                                    0000
                                    0000
                                    0000
                                    0000
                                    0000
                                    0000
                                    0000
                                    0000
                                    0000
                                    0000
                                    0000
                                    0000
                                    0000
                                    0000
                                    0000
                                    0000
                                    0000
                                    0000
                                    0000
                                    0000
                                    0000
                                    0000
                                    0000
                                    0000
                                    0000
leer                          9928  0000
                                    0000
                                    0000
                                    0000
                                    0000
                                    0000
                                    0000
                                    0000
                                    0000
                                    0000
                                    0000
                                    0000
                                    0000
                                    0000
                                    0000
                                    0000
                                    0000
                                    0000
                                    0000
                                    0000
                                    0000
                                    0000
                                    0000
                                    0000
                                    0000
                                    0000
leer                          9922  0000
                                    0000
                                    0000
                                    0000
                                    0000
                                    0000
                                    0000
                                    0000
                                    0000
                                    0000
                                    0000
                                    0000
                                    0000
                                    0000
                                    0000
                                    0000
                                    0000
                                    0000
                                    0000
                                    0000
                                    0000
                                    0000
                                    0000
                                    0000
                                    0000
                                    0000
leer                          9928  0000
                                    0000
                                    0000
                                    0000
                                    0000
                                    0000
                                    0000
                                    0000
                                    0000
                                    0000
                                    0000
                                    0000
                                    0000
                                    0000
                                    0000
                                    0000
                                    0000
                                    0000
                                    0000
                                    0000
                                    0000
                                    0000
                                    0000
                                    0000
                                    0000
                                    0000
leer                          9924  0000
                                    0000
                                    0000
                                    0000
                                    0000
                                    0000
                                    0000
                                    0000
                                    0000
                                    0000
                                    0000
                                    0000
                                    0000
                                    0000
                                    0000
                                    0000
                                    0000
                                    0000
                                    0000
                                    0000
                                    0000
                                    0000
                                    0000
                                    0000
                                    0000
                                    0000
leer                          9928  0000
                                    0000
                                    0000
                                    0000
                                    0000
                                    0000
                                    0000
                                    0000
                                    0000
                                    0000
                                    0000
                                    0000
                                    0000
                                    0000
                                    0000
                                    0000
                                    0000
                                    0000
                                    0000
                                    0000
                                    0000
                                    0000
                                    0000
                                    0000
                                    0000
                                    0000
mill/Export:                  9926  0000
HP-GL 2D/3D                        H3109
DXF                                D3104
Mastercam                          M3125
DIN/ISO                            I3107
                                    0000
Exporthilfen                       E3193
                                    0000
zurück                             Z9900
                                    0000
                                    0000
                                    0000
                                    0000
                                    0000
                                    0000
                                    0000
                                    0000
                                    0000
                                    0000
                                    0000
                                    0000
                                    0000
                                    0000
                                    0000
                                    0000
                                    0000
leer                          9928  0000
                                    0000
                                    0000
                                    0000
                                    0000
                                    0000
                                    0000
                                    0000
                                    0000
                                    0000
                                    0000
                                    0000
                                    0000
                                    0000
                                    0000
                                    0000
                                    0000
                                    0000
                                    0000
                                    0000
                                    0000
                                    0000
                                    0000
                                    0000
                                    0000
                                    0000
leer                          9928  0000
                                    0000
                                    0000
                                    0000
                                    0000
                                    0000
                                    0000
                                    0000
                                    0000
                                    0000
                                    0000
                                    0000
                                    0000
                                    0000
                                    0000
                                    0000
                                    0000
                                    0000
                                    0000
                                    0000
                                    0000
                                    0000
                                    0000
                                    0000
                                    0000
                                    0000
Autokorrektur:         -------9929  0000
AKorr2D3D                          K2010
                                    0000
WLayer FrGrafik              (1104)G1108
WLayer Export:                9926 X9926
                                    0000
zurück                             Z9900
                                    0000
                                    0000
                                    0000
                                    0000
                                    0000
                                    0000
                                    0000
                                    0000
                                    0000
                                    0000
                                    0000
                                    0000
                                    0000
                                    0000
                                    0000
                                    0000
                                    0000
                                    0000
                                    0000
